6577936098192788749
6828488481807879435
6836310605855575299
6899414351829126413
6902671869661515019
6930801562751435267
6972484161688833292
6979053616665480485
6979123251842957831
6979603337406582023
6980851508795444488
7000743196867267871
7016538696430226724
7017685834979740941
7043715937320635663
7048926434592555558
7049600535418143270
7076850224739683599
7084170631591283972
7091848258103921934
7094157390018301214
7098650622756670757
7109380651513629967
7174326145196838157
7180741286889147703
7182911720736689442
7187298184346206754
7198114625114705213
7205187217088580925
7212570846261546275
7214410421095157050
7218880148861390118
7229671217173663033
7238810225342565692
7254544475769310476
7256352085086571837
7264147981736168741
7288965329663855930
7289315553380928779
7292346723144453387
7293036400465726783
7293168815398030618
7293457326692928807
7296806521793563943
7302348364815928612
7307967014994234676
7317941128030997811
7327874463364615435
7330104350162865435
7331268719294942516
7349160609868434722
7350704583313804571
7351254246710463755
7355350481545202953
7360629752429825331
7361736095849057563
7364372298272443658
7366953635533638948
7370386448383626505
7378948118584282394
7379194308332719360
7389892716445846834
7392937048367303975
7395589228530257171
7401099653510466816
7403301986499611940
7408127329756646665
7410818226575183141
7414728643768798483
7423835887634631975
7429654888054902054
7430029536101682442
7434130364190199050
7439645541958552844
7441108716197301519
7445996917940604201
7449714164832029961
7450082959698201871
7450364063030267151
7451564677475126579
7453067859254676748
7454116587805641995
7455987404462165311
7461466010340560164
7463739145693711654
7465546174452321562
7470095331934489916
7470109151125966091
7470833712184216869
7473417086673440012
7475716554173254947
7476831049033501986
7477191872570477839
7479008308989316361
7480511638701985087
7488639270941510922
7490930040788553017
7502179614502112572
7503135508731284796
7504858929814981927
7508755227034586409
7511664213547519243
7513092150196702476
7513150827680795913
7513857308594605353
7515290692316138811
7517770059335748883
7519872560071429413
7520229558643150132
7524294216239893794
7525683513706810682
7525752218328812857
7526061450453863740
7526167695562607887
7527561321958837542
7528771366906203428
7528773038301646107
7529799358624107811
7531011513882266906
7532810970830327082
7533123064641506579
7535045991243468089
7535386107102793012
7539166936341515520
7540234540556619058
7542490486104362259
7543279617793592628
7543846940678589723
7545511555866119458
7546212425998454074
7548110535947193660
7548771145916255514
7549130515727584531
7549897378980039994
7551547966285253948
7552461908918406450
7553519369038351667
7555620734270246194
7555822149462723890
7557677477662788890
7558681946889768251
7559367421950610739
7559775923579407631
7559914938827803950
7561838868312509759
7562498030793002292
7562847456359763238
7562912291068366123
7563220232060292398
7564348993203948810
7568448594986929458
7570221133258847558
7572089542825318883
7572520638007561526
7572894561601931135
7574517437909055653
7575727121427926298
7576993270014674661
7577322313134132520
7577335595316350260
7578046186452908401
7578347796505807729
7578811545363287334
7579095908126575899
7579519544864066835
7582209612838997282
7582661454537739539
7583239907595226425
7583723020817124662
7583876535636561215
7584407684042165541
7584732312651173160
7587736739482967461
7589961059516157224
7590019669398932763
7590236000489194929
7591083610669698304
7591436947063702022
7591984049339256177
7592567871297932582
7593232881871326499
7593326528420817590
7594783507453398299
7594845495279089801
7595829485392432394
7599188562650734516
7599226104158676914
7599692006406786358
7599824367238098929
7599942867901071906
7600087407228675913
7600369823520073126
7600594940562173553
7600957703851148773
7601115910648900027
7601271873183404410
7602109383644590449
7602164064568272314
7603830352100739045
7604121433489252531
7604386848128214001
7605447051091443178
7605505991702089011
7605619626101298353
7605955836908814858
7606730984955904531
7607028177094172857
7607804616260647013
7607833383963622309
7608515921166552558
7609354939001842579
7610725899096997843
7610744207896663291
7610747780416573818
7610800331743707700
7610811003105791295
7611009791036588590
7611087896955903089
7611312194177219770
7611527989093023918
7611741995383393562
7611845735025364265
7612160789839144699
7612226417060793640
7612886386600873279
7613762815946060681
7614073587867840970
7614129552001397925
7615062854701905509
7615498586105512443
7615502207852724089
7615908618500913147
7616363051394108724
7616674041848904113
7616716621441157861
7617106306683854245
7617119683066994678
7617784493907141530
7618185265378640403
7618232775699085967
7618440419327817704
7618525549372078513
7618542415369040241
7618556274149491219
7618561018901649279
7618573005362332196
7618911899317530875
7618953810182959609
7619169366446306801
7619370854152965417
7619938149996694838
7620749490244291886
7621867126617328906
7622971945147732422
7623019373322111397
7623334303044242688
7624164468721198181
7625568402085645606
7625631021144224422
7625857877857665145
7625998400923651371
7626084420197401140
7626603088862984667
7626646124581364849
7626713134594606207
7627522561143737650
7628195967967235380
7628265246607543571
7628572102211259689
7629222890549808426
7629307213085035810
7629438426090296251
7630033695181490021
7630035069448772218
7630398995224386491
7630779557494625641
7630781568675482930
7631156056572051953
7631183865323440037
7631885278127189989
7631960186710778003
7632189976188308776
7633412178502454547
7634045222133026083
7634189622209154358
7634490571305913654
7634929335283704547
7636452871718385906
7636648275394822719
7636720794030544794
7636995698403069227
7637073772490745472
7637328690322049125
7637526701592815434
7639944588144250138
7640089045959183650
7640403389876850152
7640474626989361593
7641102288706112783
7641201117593895464
7641531385576077178
7641861213336505636
7643008320555568355
7643226217894617526
7643672136108412581
7643763464854441251
7644112067632434470
7644153522677746959
7644347424135869160
7644356107704446634
7644525686506746865
7644625679841067560
7645236223204288357
7645692141699662362
7645962126091630513
7645966255198965044
7646720426551274362
7647036704469456997
7647137802966985158
7647446230122356665
7647734627402682496
7647797848847439706
7648208030693939827
7648307131724234734
7648577359678901504
7648718858539622130
7649263674120782528
7649317960688157178
7649646067054576147
7650342211619665514
7650794321604295857
7650872504823553978
7651155941852859682
7651163686538658344
7651175704382037091
7651572123555334883
7651582529387924788
7651634937494414762
7652293131710300706
7652375950235028788
7652683577976491273
7652914429046178313
7653383118041298879
7653685852405350948
7654060028688682246
7654168355435236650
7654474610231053282
7655054577745674795
7656509553652245139
7656743763552800015
7656827164767981391
7657493620286590223
7657520381628124443
7658163098192317705
7658234092240935083
7659251408893868913
7659271976942357766
7659792481580774897
7659819273338031414
7660665426599452089
7661947392401182321
7661949629633693610
7661964878575619368
7662021265397709007
7662612278332200357
7662628763728989478
7663385830513184043
7663439693543350009
7663767861269237030
7663772500710477071
7664247272444128486
7664587315726338697
7664590011446199141
7664898357587954994
7665187044485906946
7665653494678428662
7665676139339283291
7666016536473193764
7666023203060708474
7666160031154425103
7666337293162138914
7666341563409225125
7666425371756435067
7666776321984537081
7666779020193697701
7666798588350065338
7666912139781146555
7667042264707465893
7667905089273517797
7667977090729868122
7668162563380628928
7668287740353465635
7668643816433646308
7668735500266072425
7668852063460689835
7669406363805923812
7669726621985359592
7669762495364991092
7670782850074013931
7671116295282183475
7671488207304868404
7671617430985377457
7672257144439229759
7672348685107679924
7672955716349099387
7672981494440925434
7672991243072616697
7673172635974421760
7673329367146362737
7673763537039250789
7673896853075050707
7673952284586849765
7674332815097414180
7674569230951435535
7674924275878382884
7675327320299813614
7675331349834015659
7675831267342639483
7676051804097973530
7676627934329994996
7676722518756976805
7677603158067781361
7677802461739138030
7677805180721492826
7677915384284037651
7678179488580702811
7678230652051931899
7678232889779357422
7678631787996886966
7678657654369141289
7678714342308595354
7678945198861081210
7679007655083445556
7679021505497419018
7679432162517591993
7679491297611379418
7680035972225977606
7680105199218314674
7680420701748441798
7680513034233676323
7680546785281981041
7680569771779521482
7680595796894653425
7680833659146945226
7680857899472843515
7680896191458889317
7680934674315524793
7681144864444075299
7681159947447445179
7681510302478942759
7681597562277419243
7681597892712336649
7681998562775179193
7682230203833195432
7682263254751661355
7682356772091281073
7682360199961381617
7682368318015412219
7682421143656364874
7682441781824200293
7682498263282881454
7682525811907820529
7682559973079666138
7682599074696869859
7682602193942755558
7682622857892924678
7682745433508069888
7682791681556548883
7683110588213363240
7683168637653598759
7683548929375339037
7684096740282171948
7684100593694032399
7684223864338924073
7684362605640647222
7684447381258666559
7684457991839531556
7684594958250836523
7684820046559969811
7684821300744962602