7685000004705091986
7685000001598859076
7685000001805838355
7685000000218125498
7685000004871070771
7685000003984122685
7685000002976330199
7685000002118709230
7685000004900889669
7685000001740333882
7685000001844640127
7685000003044637626
7685000004649402316
7685000001341630706
7685000000915360667
7685000003732332468
7685000004470100041
7685000001498761968
7685000003715178161
7685000001421701749
7685000003890602227
7685000004121855433
7685000002117804140
7685000001456892954
7685000002609405105
7685000001505679471
7685000004308170906
7685000000550648481
7685000004964109659
7685000003867810241
7685000004556310980
7685000004614770285
7685000004364406369
7685000000911661697
7685000002359346682
7685000001768883541
7685000002592752334
7685000003240475691
7685000002711584239
7685000000364579655
7685000003628230573
7685000001905068336
7685000003387292405
7685000002939201245
7685000000095981835
7685000001202581260
7685000001159564563
7685000004726972839
7685000004792894480
7685000001029824915